# name: debug
# type: sparse matrix
# nnz: 144
# rows: 12
# columns: 12

1 1 17334901.735144358
2 1 -5753166.991972757
3 1 4484517.117774268
4 1 570380.402658454
5 1 -721472.234993661
6 1 -113659.016888728
7 1 -7058867.114126408
8 1 65594.162131349
9 1 -1937619.693119998
10 1 -664006.386430924
11 1 245104.677292055
12 1 -256328.316977526
1 2 -5783915.755211177
2 2 102033370.168663800
3 2 -21783536.583765116
4 2 5840478.565384615
5 2 -360877.040146484
6 2 1066365.800225331
7 2 -8388431.860492047
8 2 -42636104.797342122
9 2 5791884.971997322
10 2 -1833086.667423630
11 2 1065306.714537145
12 2 -409393.073581797
1 3 4394351.477371943
2 3 -21751069.450351831
3 3 12260625.399422590
4 3 -1607633.736084947
5 3 -42165.116600450
6 3 -223640.168602894
7 3 1699597.948937568
8 3 6414023.053244223
9 3 -4222452.773949069
10 3 339486.275716187
11 3 -296785.179101559
12 3 21538.405239836
1 4 580289.628499042
2 4 5836021.249184499
3 4 -1612001.799621760
4 4 4930702.605285414
5 4 526945.332848233
6 4 1113122.961439575
7 4 -1205096.974267792
8 4 -854093.787811092
9 4 590499.267085389
10 4 -3351327.670980192
11 4 258449.446164156
12 4 -1620569.262672773
1 5 -709515.578545152
2 5 -359426.909311892
3 5 -76377.918146770
4 5 535120.135455763
5 5 435564.439698860
6 5 267632.586284729
7 5 225648.718639984
8 5 848626.991167905
9 5 -196507.978368592
10 5 -211814.039086867
11 5 -258382.050764765
12 5 -203144.089798166
1 6 -132906.033945506
2 6 1070141.871926363
3 6 -226694.210016265
4 6 1113735.012266099
5 6 271928.419517678
6 6 334861.553528668
7 6 -96684.051271084
8 6 302449.338479061
9 6 -4151.145548990
10 6 -665746.726819379
11 6 -49731.305802784
12 6 -376884.639581747
1 7 -7058867.114126408
2 7 -8388431.860492047
3 7 1699597.948937568
4 7 -1205096.974267792
5 7 225648.718639984
6 7 -96684.051271084
7 7 9031469.068988428
8 7 6906085.156142894
9 7 3718.634637496
10 7 1171421.933425277
11 7 -399592.640692380
12 7 431247.914031187
1 8 65594.162131349
2 8 -42636104.797342122
3 8 6414023.053244223
4 8 -854093.787811092
5 8 848626.991167905
6 8 302449.338479061
7 8 6906085.156444447
8 8 49346062.735436633
9 8 -6790081.922841344
10 8 656462.566329634
11 8 -1062211.960878127
12 8 -201185.649148677
1 9 -1937619.693119998
2 9 5791884.971997322
3 9 -4222452.773949069
4 9 590499.267085389
5 9 -196507.978368592
6 9 -4151.145548990
7 9 3718.634728779
8 9 -6790081.922389417
9 9 5047944.189816779
10 9 -509651.348490033
11 9 290298.700644451
12 9 -109209.972553834
1 10 -664006.386430924
2 10 -1833086.667423630
3 10 339486.275716187
4 10 -3351327.670980192
5 10 -211814.039086867
6 10 -665746.726819379
7 10 1171421.933433929
8 10 656462.566328632
9 10 -509651.348490062
10 10 3311063.926445216
11 10 -180927.831858083
12 10 1633482.028836066
1 11 245104.677292055
2 11 1065306.714537145
3 11 -296785.179101559
4 11 258449.446164156
5 11 -258382.050764765
6 11 -49731.305802784
7 11 -399592.640683485
8 11 -1062211.960871636
9 11 290298.700646658
10 11 -180927.831858074
11 11 296868.734944326
12 11 23252.139398268
1 12 -256328.316977526
2 12 -409393.073581797
3 12 21538.405239836
4 12 -1620569.262672773
5 12 -203144.089798166
6 12 -376884.639581747
7 12 431247.914048158
8 12 -201185.649150590
9 12 -109209.972548825
10 12 1633482.028836077
11 12 23252.139398221
12 12 865897.710660461
